SERVERALERT:
PAGE:
|G[1,1800,B5.blp,,125,-1,-125]
|M[Sound/Music/CityMusic/Orgrimmar/orgrimmar_intro-moment.mp3,40]
|H1[1,-.372,3.145,-5.985,1.184,.085,1,,1,1,1,Environments/Stars/skywallskybox,,,b]
|H2[1,-.712,.499,,6.245,.047,1,,1,1,1,Environments/Stars/auroraorange,,,b]
|H3[1,-.318,.932,,,.255,.318,,1,1,1,World/Kalimdor/silithus/passivedoodads/ahnqirajglow/quirajglow,,]
|H4[1,.282,.932,,,.255,.318,,1,1,1,m,,]
|H5[1,.982,1.532,,,.255,.631,,1,1,1,m,,]
|H6[1,1.404,1.692,,,.28,.569,,1,1,1,m,,]
|H7[1,-.801,1.108,,,.022,1,,1,1,1,World/Expansion02/doodads/howlingfjord/firefx/burntstonetreesmoke_vfx,,]
|H8[1,.736,1.319,,3.91,.022,1,,1,1,1,m,,]
|H9[1,-.016,1.165,,1.764,.022,.569,,1,1,1,World/Critter/birds/birds_condor_01,,]
|H10[1,.913,1.714,,,.04,.718,,1,1,1,m,,]
|H11[1,-.501,1.572,,3.407,.04,.718,,1,1,1,m,,]
|H12[1,1.887,1.079,,5.194,.037,.122,,1,1,1,World/Expansion03/doodads/uldum/blowingsand/uldum_blowing_sand_particle_01,,]
|H13[1,.187,.879,,5.194,.037,.122,,1,1,1,m,,]
|H14[1,-.051,.66,,5.851,.049,.075,,1,1,1,m,,]
|H15[1,.436,.826,,5.604,.027,.122,,1,1,1,m,,]
|H16[1,.58,1.046,,5.672,.031,.153,,1,1,1,m,,]
|H17[1,-.72,.9,,5.593,.04,.059,,1,1,1,m,,]
|H18[1,1.356,1.086,,5.387,.037,.118,,1,1,1,m,,]
|H19[1,.512,.668,.029,3.899,.088,.788,,97,1,1,Creature/Raven/raven,,]
|H20[1,.625,.639,,2.272,.104,.765,,97,1,1,m,,]
|H21[1,-.479,.6,.811,2.544,.109,.651,,97,1,1,m,,]
|H22[1,.787,1.264,,5.61,.044,.373,,97,1,1,m,,]
|H23[1,.692,1.269,,.304,.03,.514,,97,1,1,m,,]
|H24[1,1.404,.054,,1.188,.46,1,,1,1,1,World/Expansion06/doodads/highmountain/7hm_bush_a02,,]
|H25[1,-1.512,-.108,,.432,.568,1,,1,1,1,m,,]
|H26[1,-.828,.396,.074,2.308,.256,.537,,1,1,1,m,,]
|H27[1,1.313,-.809,,,.036,.902,,1,1,1,World/Generic/human/passive doodads/fog/sfx_fog_nasty_pink,,]
|H28[1,-1.309,-.464,,,.02,1,,1,1,1,m,,]
|H29[1,3.633,4.158,,4.62,-.63,1,,1,1,1,World/Dungeon/shadowpanhideout/pa_shadowpan_lightrays,,]
|H30[1,2.279,.848,,.053,.149,1,,1,1,1,m,,]
|H31x[1,-.384,.65,,1.219,.009,1,,1,1,1,World/Generic/human/passive doodads/fog/sfx_fog_thick_brown,,]
|H32[1,.272,.714,,6.079,.007,.965,,1,1,1,m,,]
|H33[1,-1.585,.725,,6.122,.008,.506,,1,1,1,m,,]
|H34[1,-.994,.497,,,.006,.875,,1,1,1,m,,]
|H35[1,-1.562,.497,,5.289,.006,.702,,1,1,1,m,,]
|H36[1,1.278,.600,,,.006,.922,,1,1,1,m,,]
|H37[1,-.036,.430,,.038,.010,1,,1,1,1,m,,]
|H38[1,-1.285,.241,,6.187,.01,.451,,1,1,1,m,,]
|H39[1,1.626,.987,,,.008,1,,1,1,1,m,,]
|P[GlueScreenUndead,4.0]
<html><body>
<p>alert file logging by Noc.<br /><br /></p>
</body></html>
